{
  "title": "Pairwise Effect Sizes (Cohen's d) Between Algorithms",
  "algorithms": [
    "DART (Ours)",
    "CARTS (Ours)",
    "SuperMemo-2",
    "Half-Life Regression",
    "KARL",
    "LECTOR"
  ],
  "effectSizeMatrix": [
    [
      0,
      -0.23934444260792456,
      0.5504787341266918,
      0.37454335722556176,
      0.26679319574235627,
      0.16183163159034583
    ],
    [
      0.23934444260792456,
      0,
      0.7996377860641395,
      0.6222521137931927,
      0.5136136959453359,
      0.4054036263825096
    ],
    [
      -0.5504787341266918,
      -0.7996377860641395,
      0,
      -0.17965531466278267,
      -0.2895365592711203,
      -0.3915842660410039
    ],
    [
      -0.37454335722556176,
      -0.6222521137931927,
      0.17965531466278267,
      0,
      -0.10992587742536002,
      -0.2136223923084748
    ],
    [
      -0.26679319574235627,
      -0.5136136959453359,
      0.2895365592711203,
      0.10992587742536002,
      0,
      -0.10469119770857468
    ],
    [
      -0.16183163159034583,
      -0.4054036263825096,
      0.3915842660410039,
      0.2136223923084748,
      0.10469119770857468,
      0
    ]
  ],
  "significanceMatrix": [
    [
      false,
      false,
      true,
      true,
      true,
      false
    ],
    [
      false,
      false,
      true,
      true,
      true,
      true
    ],
    [
      true,
      true,
      false,
      false,
      true,
      true
    ],
    [
      true,
      true,
      false,
      false,
      false,
      false
    ],
    [
      true,
      true,
      true,
      false,
      false,
      false
    ],
    [
      false,
      true,
      true,
      false,
      false,
      false
    ]
  ],
  "colorScale": {
    "min": -1,
    "max": 1,
    "midpoint": 0
  },
  "annotations": [
    [
      "—",
      "-0.24",
      "0.55*",
      "0.37*",
      "0.27*",
      "0.16"
    ],
    [
      "0.24",
      "—",
      "0.80*",
      "0.62*",
      "0.51*",
      "0.41*"
    ],
    [
      "-0.55*",
      "-0.80*",
      "—",
      "-0.18",
      "-0.29*",
      "-0.39*"
    ],
    [
      "-0.37*",
      "-0.62*",
      "0.18",
      "—",
      "-0.11",
      "-0.21"
    ],
    [
      "-0.27*",
      "-0.51*",
      "0.29*",
      "0.11",
      "—",
      "-0.10"
    ],
    [
      "-0.16",
      "-0.41*",
      "0.39*",
      "0.21",
      "0.10",
      "—"
    ]
  ]
}